# Emission @ 500 nm [W*m^-2*sr^-1*nm^-1]
# Column format:
# Emission angle [deg]	C+	C+.s	C+.p	
0.000000E0	3.034606E0	1.517303E0	1.517303E0
4.517588E-1	3.034547E0	1.517334E0	1.517212E0
9.035176E-1	3.034368E0	1.517428E0	1.516940E0
1.355276E0	3.034069E0	1.517584E0	1.516485E0
1.807035E0	3.033652E0	1.517804E0	1.515848E0
2.258794E0	3.033115E0	1.518086E0	1.515029E0
2.710553E0	3.032459E0	1.518431E0	1.514028E0
3.162312E0	3.031684E0	1.518840E0	1.512844E0
3.614070E0	3.030790E0	1.519313E0	1.511478E0
4.065829E0	3.029778E0	1.519850E0	1.509928E0
4.517588E0	3.028647E0	1.520452E0	1.508195E0
4.969347E0	3.027398E0	1.521120E0	1.506278E0
5.421106E0	3.026031E0	1.521855E0	1.504177E0
5.872864E0	3.024546E0	1.522656E0	1.501890E0
6.324623E0	3.022944E0	1.523525E0	1.499419E0
6.776382E0	3.021225E0	1.524463E0	1.496762E0
7.228141E0	3.019388E0	1.525470E0	1.493918E0
7.679899E0	3.017436E0	1.526549E0	1.490887E0
8.131658E0	3.015367E0	1.527699E0	1.487668E0
8.583417E0	3.013183E0	1.528922E0	1.484261E0
9.035176E0	3.010884E0	1.530220E0	1.480664E0
9.486935E0	3.008471E0	1.531594E0	1.476877E0
9.938693E0	3.005943E0	1.533045E0	1.472898E0
1.039045E1	3.003303E0	1.534575E0	1.468728E0
1.084221E1	3.000549E0	1.536185E0	1.464364E0
1.129397E1	2.997684E0	1.537878E0	1.459806E0
1.174573E1	2.994708E0	1.539655E0	1.455053E0
1.219749E1	2.991622E0	1.541519E0	1.450103E0
1.264925E1	2.988426E0	1.543471E0	1.444955E0
1.310101E1	2.985122E0	1.545514E0	1.439607E0
1.355276E1	2.981710E0	1.547651E0	1.434059E0
1.400452E1	2.978192E0	1.549883E0	1.428309E0
1.445628E1	2.974569E0	1.552214E0	1.422355E0
1.490804E1	2.970843E0	1.554647E0	1.416196E0
1.535980E1	2.967014E0	1.557184E0	1.409830E0
1.581156E1	2.963084E0	1.559829E0	1.403255E0
1.626332E1	2.959054E0	1.562586E0	1.396469E0
1.671508E1	2.954927E0	1.565457E0	1.389470E0
1.716683E1	2.950704E0	1.568448E0	1.382256E0
1.761859E1	2.946387E0	1.571562E0	1.374825E0
1.807035E1	2.941978E0	1.574804E0	1.367175E0
1.852211E1	2.937480E0	1.578178E0	1.359302E0
1.897387E1	2.932894E0	1.581689E0	1.351205E0
1.942563E1	2.928224E0	1.585343E0	1.342880E0
1.987739E1	2.923472E0	1.589146E0	1.334326E0
2.032915E1	2.918640E0	1.593103E0	1.325538E0
2.078090E1	2.913734E0	1.597220E0	1.316513E0
2.123266E1	2.908755E0	1.601506E0	1.307249E0
2.168442E1	2.903707E0	1.605966E0	1.297741E0
2.213618E1	2.898596E0	1.610610E0	1.287986E0
2.258794E1	2.893424E0	1.615444E0	1.277979E0
2.303970E1	2.888197E0	1.620480E0	1.267717E0
2.349146E1	2.882919E0	1.625725E0	1.257195E0
2.394322E1	2.877598E0	1.631190E0	1.246407E0
2.439497E1	2.872237E0	1.636888E0	1.235349E0
2.484673E1	2.866844E0	1.642829E0	1.224016E0
2.529849E1	2.861427E0	1.649026E0	1.212401E0
2.575025E1	2.855992E0	1.655495E0	1.200497E0
2.620201E1	2.850549E0	1.662249E0	1.188299E0
2.665377E1	2.845106E0	1.669306E0	1.175800E0
2.710553E1	2.839674E0	1.676684E0	1.162990E0
2.755729E1	2.834264E0	1.684402E0	1.149862E0
2.800905E1	2.828889E0	1.692482E0	1.136407E0
2.846080E1	2.823561E0	1.700946E0	1.122615E0
2.891256E1	2.818297E0	1.709822E0	1.108475E0
2.936432E1	2.813112E0	1.719136E0	1.093976E0
2.981608E1	2.808026E0	1.728921E0	1.079106E0
3.026784E1	2.803060E0	1.739210E0	1.063850E0
3.071960E1	2.798237E0	1.750043E0	1.048194E0
3.117136E1	2.793583E0	1.761462E0	1.032121E0
3.162312E1	2.789129E0	1.773515E0	1.015614E0
3.207487E1	2.784908E0	1.786256E0	9.986520E-1
3.252663E1	2.780960E0	1.799746E0	9.812138E-1
3.297839E1	2.777330E0	1.814055E0	9.632750E-1
3.343015E1	2.774069E0	1.829260E0	9.448086E-1
3.388191E1	2.771239E0	1.845454E0	9.257845E-1
3.433367E1	2.768911E0	1.862742E0	9.061691E-1
3.478543E1	2.767170E0	1.881245E0	8.859246E-1
3.523719E1	2.766118E0	1.901109E0	8.650086E-1
3.568894E1	2.765879E0	1.922505E0	8.433732E-1
3.614070E1	2.766604E0	1.945640E0	8.209643E-1
3.659246E1	2.768484E0	1.970763E0	7.977206E-1
3.704422E1	2.771758E0	1.998185E0	7.735732E-1
3.749598E1	2.776741E0	2.028296E0	7.484444E-1
3.794774E1	2.783844E0	2.061596E0	7.222482E-1
3.839950E1	2.793637E0	2.098745E0	6.948921E-1
3.885126E1	2.806921E0	2.140639E0	6.662828E-1
3.930302E1	2.824890E0	2.188547E0	6.363429E-1
3.975477E1	2.849420E0	2.244367E0	6.050537E-1
4.020653E1	2.883729E0	2.311153E0	5.725764E-1
4.065829E1	2.934041E0	2.394408E0	5.396329E-1
4.111005E1	3.015161E0	2.506127E0	5.090343E-1
4.156181E1	3.182823E0	2.686460E0	4.963632E-1
4.201357E1	3.493718E0	3.272885E0	2.208326E-1
4.246533E1	3.537048E0	3.487700E0	4.934734E-2
4.291709E1	3.636704E0	3.632520E0	4.183289E-3
4.336884E1	3.752054E0	3.749091E0	2.962713E-3
4.382060E1	3.871740E0	3.849068E0	2.267135E-2
4.427236E1	3.991075E0	3.937717E0	5.335843E-2
4.472412E1	4.107856E0	4.017947E0	8.990910E-2
4.517588E1	4.221003E0	4.091567E0	1.294356E-1
4.562764E1	4.330004E0	4.159792E0	1.702118E-1
4.607940E1	4.434651E0	4.223482E0	2.111687E-1
4.653116E1	4.534902E0	4.283271E0	2.516304E-1
4.698291E1	4.630810E0	4.339644E0	2.911655E-1
4.743467E1	4.722479E0	4.392979E0	3.295003E-1
4.788643E1	4.810040E0	4.443576E0	3.664640E-1
4.833819E1	4.893634E0	4.491679E0	4.019549E-1
4.878995E1	4.973407E0	4.537489E0	4.359176E-1
4.924171E1	5.049501E0	4.581172E0	4.683283E-1
4.969347E1	5.122052E0	4.622868E0	4.991846E-1
5.014523E1	5.191192E0	4.662693E0	5.284986E-1
5.059698E1	5.257040E0	4.700748E0	5.562918E-1
5.104874E1	5.319711E0	4.737119E0	5.825920E-1
5.150050E1	5.379307E0	4.771876E0	6.074306E-1
5.195226E1	5.435926E0	4.805084E0	6.308414E-1
5.240402E1	5.489654E0	4.836795E0	6.528590E-1
5.285578E1	5.540573E0	4.867055E0	6.735179E-1
5.330754E1	5.588754E0	4.895902E0	6.928525E-1
5.375930E1	5.634265E0	4.923369E0	7.108961E-1
5.421106E1	5.677164E0	4.949484E0	7.276808E-1
5.466281E1	5.717505E0	4.974268E0	7.432376E-1
5.511457E1	5.755336E0	4.997740E0	7.575961E-1
5.556633E1	5.790698E0	5.019913E0	7.707842E-1
5.601809E1	5.823628E0	5.040799E0	7.828288E-1
5.646985E1	5.854157E0	5.060402E0	7.937550E-1
5.692161E1	5.882315E0	5.078728E0	8.035869E-1
5.737337E1	5.908122E0	5.095775E0	8.123469E-1
5.782513E1	5.931597E0	5.111540E0	8.200566E-1
5.827688E1	5.952754E0	5.126018E0	8.267362E-1
5.872864E1	5.971603E0	5.139199E0	8.324047E-1
5.918040E1	5.988151E0	5.151071E0	8.370804E-1
5.963216E1	6.002400E0	5.161620E0	8.407804E-1
6.008392E1	6.014348E0	5.170827E0	8.435212E-1
6.053568E1	6.023989E0	5.178671E0	8.453183E-1
6.098744E1	6.031316E0	5.185129E0	8.461868E-1
6.143920E1	6.036315E0	5.190174E0	8.461410E-1
6.189095E1	6.038970E0	5.193775E0	8.451949E-1
6.234271E1	6.039260E0	5.195898E0	8.433619E-1
6.279447E1	6.037163E0	5.196507E0	8.406553E-1
6.324623E1	6.032649E0	5.195562E0	8.370879E-1
6.369799E1	6.025689E0	5.193016E0	8.326725E-1
6.414975E1	6.016245E0	5.188823E0	8.274220E-1
6.460151E1	6.004279E0	5.182930E0	8.213490E-1
6.505327E1	5.989746E0	5.175280E0	8.144664E-1
6.550503E1	5.972599E0	5.165811E0	8.067874E-1
6.595678E1	5.952783E0	5.154458E0	7.983254E-1
6.640854E1	5.930242E0	5.141148E0	7.890941E-1
6.686030E1	5.904913E0	5.125805E0	7.791079E-1
6.731206E1	5.876729E0	5.108347E0	7.683816E-1
6.776382E1	5.845616E0	5.088685E0	7.569308E-1
6.821558E1	5.811496E0	5.066724E0	7.447719E-1
6.866734E1	5.774284E0	5.042362E0	7.319220E-1
6.911910E1	5.733889E0	5.015490E0	7.183993E-1
6.957085E1	5.690215E0	4.985992E0	7.042231E-1
7.002261E1	5.643158E0	4.953744E0	6.894139E-1
7.047437E1	5.592607E0	4.918614E0	6.739933E-1
7.092613E1	5.538445E0	4.880460E0	6.579844E-1
7.137789E1	5.480545E0	4.839133E0	6.414118E-1
7.182965E1	5.418775E0	4.794474E0	6.243015E-1
7.228141E1	5.352994E0	4.746313E0	6.066811E-1
7.273317E1	5.283054E0	4.694474E0	5.885801E-1
7.318492E1	5.208799E0	4.638769E0	5.700298E-1
7.363668E1	5.130063E0	4.579000E0	5.510630E-1
7.408844E1	5.046676E0	4.514961E0	5.317148E-1
7.454020E1	4.958460E0	4.446438E0	5.120222E-1
7.499196E1	4.865231E0	4.373207E0	4.920239E-1
7.544372E1	4.766801E0	4.295040E0	4.717611E-1
7.589548E1	4.662977E0	4.211701E0	4.512766E-1
7.634724E1	4.553569E0	4.122953E0	4.306154E-1
7.679899E1	4.438384E0	4.028560E0	4.098247E-1
7.725075E1	4.317241E0	3.928287E0	3.889534E-1
7.770251E1	4.189963E0	3.821911E0	3.680524E-1
7.815427E1	4.056394E0	3.709220E0	3.471744E-1
7.860603E1	3.916399E0	3.590025E0	3.263740E-1
7.905779E1	3.769875E0	3.464168E0	3.057071E-1
7.950955E1	3.616763E0	3.331531E0	2.852314E-1
7.996131E1	3.457055E0	3.192050E0	2.650055E-1
8.041307E1	3.290814E0	3.045725E0	2.450892E-1
8.086482E1	3.118189E0	2.892645E0	2.255434E-1
8.131658E1	2.939429E0	2.732999E0	2.064291E-1
8.176834E1	2.754909E0	2.567101E0	1.878079E-1
8.222010E1	2.565152E0	2.395410E0	1.697415E-1
8.267186E1	2.370847E0	2.218556E0	1.522909E-1
8.312362E1	2.172876E0	2.037359E0	1.355169E-1
8.357538E1	1.972337E0	1.852858E0	1.194789E-1
8.402714E1	1.770558E0	1.666322E0	1.042351E-1
8.447889E1	1.569114E0	1.479272E0	8.984204E-2
8.493065E1	1.369831E0	1.293477E0	7.635397E-2
8.538241E1	1.174782E0	1.110959E0	6.382269E-2
8.583417E1	9.862640E-1	9.339669E-1	5.229713E-2
8.628593E1	8.067673E-1	7.649444E-1	4.182295E-2
8.673769E1	6.389194E-1	6.064772E-1	3.244223E-2
8.718945E1	4.854146E-1	4.612214E-1	2.419311E-2
8.764121E1	3.489259E-1	3.318164E-1	1.710948E-2
8.809296E1	2.320036E-1	2.207829E-1	1.122071E-2
8.854472E1	1.369665E-1	1.304150E-1	6.551430E-3
8.899648E1	6.579236E-2	6.267108E-2	3.121272E-3
8.944824E1	2.001855E-2	1.907382E-2	9.447346E-4
8.990000E1	6.593511E-4	6.283031E-4	3.104798E-5
